$ANSIBLE_VAULT;1.1;AES256
66613434623161636265656463616433626162326364336431633037656238336463656232663931
6332366534623262643932643831393438333962323466370a663032363563323861373339396232
39336132633862396163333265663131613838336532326336383566316231323066396431643033
3762653561383831640a363432313963303138653133663033353236633739623462393766313265
66383930613866386162613138346138363737663565316331343063643065373430636434646462
65353433373435363938393834316264336563353535623837376638376335366464326165633039
37393465313332363865343161626339356662376436386631346364366235663632393864643635
35636163316462396432343430616666316633353336323361386533366136383532343033633362
38383961626333343663633931636461323238646664323137646462633434306336613430643136
37323534373536386539663137666132386465646138653336336535643339633032656338313630
37333239396163666631656461633732336165643363643064353566336231333966383637663062
33663663343433386465663831393335363764303563646332343731653931393534326437633864
61323532313531666431653836306236316630376239643031343233613964663837383533643963
35376662376438393139386664623866356636333266366331643935666235636665343839306131
39666337316338363964626133363935613036376161653137633032616163373263646639336163
32313438333464396536316166303031363439373962303335353538323434316561613136653966
61663537356538623535316531393230396661363866336562336434316437383530393266363261
61633964643462393565666166396535373230396562373432613263656133663735313065346566
33303733623065353739383636313433613934366563393437663765653130666336316133323639
66363131313139663839396262613635313462386166396532666535313764373032643464356464
62333965366566616264663432653331323265346436313664346633303836363165306133643263
61396461366134376538643834626434393730653965336337626535356338633532623364663932
35623165373365376566393834333735656263303932643136653961636461626265343163383739
65313039393433303761373832363066363138376239373832646432333333333737393265633435
65303032666166636336363563346162643530306131373464323935653035313965666230653539
38356161353838663331663261366163306565346337656566346665663332643130613533376164
39666430643164383864626239383438663832343464623763356362353066623466383635336563
66626133353138326466363432613632616438396638653230666638396365336333623664656361
33616438323662313038643166643033616337396666633330343865623462633039323437336335
63393934636333346632666536363939393737656231336130343635666133616434653533343634
39616237366465316565363265303166313634396530343233616466623735646134346164363537
62396530343065313631316136616565633964343762353730396131633135646433653063373232
33646431643833383663303638643065633538333234393765633733643266333166336265363137
64616331666263643962663738313730613163303966373061326566353836623933343230373736
38363662613636633463336235623665376433633164343463613139656637616263346366383539
65613461353266326330373433626630313438643833386634356337626266346461666166616335
64323531613730303632666163363433396539323966373739373333316333666661396536626666
38666264336438383763666165666537643336336666336665666433636361366339636166643833
36613637316435373532353337316365353635393136343066346266663030333632356633613064
63383266313266613438366661353766636130363537336134383166343334643936346438643062
33383939363835333131616433346661303666626163366531306235313636336464373230653739
33306564626562386163643464346130373034656536316237376562306438313164643934366563
32313664643332383161643163393830323762613762303864366565393431313164383934613134
31656664356432313732306464633261633965376334333736666464663365346535613135396535
32343561643964303339646436636365376537633762616265336533666433633433633961343232
61613638306134393062343139393931646562386438666465326634393861326531393237623761
36616634363537613237323563346463613263613364326364376531313765346237376539306335
35663564633365393332383064306637363638313234646431353965393735613036656631663736
33303235383166346161343738383030386461636662613664376461343434323863353264333435
38306433613366336132666430613631613564353936303634653135326639666564343664326665
34666163356634333062366663333037353562376531373932656338376462366539643632326239
31666532303833323135633266323136333165313937323665333065363039616661313132613534
31336539323535383161383730333863343733636237363730623065373037663230643263666239
34393136316363393332356133643266666535323366393333333436623561393430376262303333
36376336393239333831643765316665633262663737353166323863616566356664386661646339
66666463626464646264376561303464316566313962383233356162386662383763366562336665
65636632303362633763346137393738653762663661646539376165303564333933643034343130
33346135383139636639366264646534663633633066356431326561316364626236616262623862
32623062613162313138396364346339303066326137643137383034363435376564343934316336
30363837656431383536643965313232323031656333616661303337333730393861636264633865
65623830303266393736653238386238653963386135393136383431643961656663613538303133
39333635646363373861316466363863626430366237643665633235313434373861386266373063
64653266386462376137376538313366323039336664303333363865356434376332333536363832
30316436623762626438303465373233663331643565343563336534396463313861383064623462
61636631393263663764376330666237623234666532393335323866663531356639333531623033
36313335363036313261646538393964393639313561666462376534663932343435393234653863
32376561663563346165363337643966313866663738653430393439376433376337396432616264
63653564393034383532343963306664656331393231363637316537636439663833646630366239
63616234373234383663373839356264326332383662373638336430383561386464643939643934
66323365373735303234313032613066633666316135623230623666343865393163646130346365
38393861663864653630626232636463643233333634366236333536656136303436353434303066
38343366363565363538616233316265316539636331353231383038373632663032373266636164
62323863313530653638313464393734353862626235363033653532313137656434343262396666
38353162313131663166353962393534313361363332396166333666653439663963336432666463
61663866383537356365376539636431313936653963373431396231373935623431313362663937
66313038636663633261633063656430383665356534393030626564333632346166323334343465
32363838366363643632386339343331303232386532663366376632343061633133656437663139
65376164343736313630636631393632376433356336626339393030333733616638633434333662
34393363386266313437313133383132366264633034313366653063333130343134623861306131
61333135653038366264356136383861333033633239356261376431343662366630663630386432
61643835623835323064363135363937626632313338666533666162313836363932316530656437
31636235663331626139323135333164333332393461313334643935353235353930323738393236
63363930663831313937386537653566333038383662316661616561383739333037353735643466
34613330616536643933666236326464316334383337343061323562396230393330646462313138
34373937616231656232616538336436646538633366386631656631646331346334333862326339
36333939346536326235653966636433376564313433323764656436326234646337366664666532
34663835343433303063646465633735393866303434633234616130366133353066636662373962
64303065636361363833613362386632663333663132636635653964383266643662343463646161
30346363313037613432303631393536636239666438636264633561373137656662373036373166
37623063383435666539326231383166656537643031386165623739336134643536336539316463
30646235613062363136356330346161306266626534646436346536306432393233646238366362
33303562356534366633363536306439373934356139383461616137326134393965653339663531
63343839386661653562343236383562393661613761663935623430653231356638343730616466
32303564613362653762396236616539343435343661383939663238383935346430646463333531
65616637636363316138386461616234376263633761613563376437393231616266633364383636
62313937623233363832626637333663316463616335633631633931633837343961333533313539
37646331353132396364643761616331386237303835373739346562386665616166613233626364
37396466653935333464623539333466396133633662363839396330383762316536323834386264
66663130613238396663383039363563333964623636626232633134333534326332626635356335
32656231366435626337323436376466656333373732303330353935653166313536353230303031
62343263323065633438346235363831646132623133356364346439613031313135346234633063
33373638303436376165366437306236376162313266363437313062383035373564646261373434
36323036303930623962373531623631633163323661363861626531653530643234363730643236
62336465346339306566316263613430323965396261303838316631343663343137306166646430
38356264393162633364643763313239653534363039643565616138326337646564316139653263
37396333326233333234303166336463326161633430626236636362323262306433316233626563
33343863623464386533323063613938306163656530313131363666396236303935316133633030
37376562316333653039376130326332343839313461663363623266646139336431366138303731
39643661636238613866303839393833353164366163656566333636303863326565393834663761
38353061366361636637356164613139313461613866343065653063613666313666633436316137
61363866346232353730666639666331633731336139643333626536306535336161363463373532
37376661386632653166656536633763613030646136303761346135343333613036613364663764
34353135356433623839663636623231363439393731366136393563316536616662613936626535
30356434666135376139363035353565366237306364663662666162376537363336646136303833
65666237656239663330653666343063376235316231323037373439633334633639656239646434
66353838366139646333613635303430623237643937386532633761313363633432653631636161
34633535653933656632323538633164663035373238343630333662343862343438373831313031
38353833333135636561386666356231663463636334336161636336643564383665313066316135
38393963326661663139633763316232393634623865303663363539363032613232333866626539
64613833396139356436663663313136323662306263313834376534313034636566643037323564
33356566313730613137303065376165636130383638623937663330376635343435313361316430
35346239396334373566346234373435353038373565383734356465376332303763336132636234
34633062333532323761613765346231646463386638613338303234623831386165373532626464
61383438396266356630353632623333623936316436343436316334343362643130663531643861
33326364323837636464633930306631376161633166353461386338386631333465396162376432
31313839366561616534333432656534326161396164613232303232666539383362326230353261
66303438663962633466356564386630663332666330313766333735366136626237663637623232
38653131343463313534613535613537653939343834613238386531333164346433323561363464
32333838343563653933333035343436663334363736663538386533613433363430376666666566
35313966613436323666653864386466666233323438646161353963656135326639353230616630
30623039386633353334656261383134646337633364396532313433393464616136323462353839
32363532303565666666653136613062666436366339643165643564363364616634393339616133
63616237613766643939653332373832323334643334613739623737386465343661633532386531
32613866303034393637343632393034363632663336366233343634303263396563663736376463
33656330396433613336303638323534643236633831633631346134323564353334313134653238
38646564393230353831623033646532356563393162623164333830353531303638646164653063
3065
