$ANSIBLE_VAULT;1.1;AES256
63303133313361306663336164336563396137396139643965663231366165303065393732383437
3664386630643531356134303536613330396262663366620a333363393636356162633839303066
65616165376561393363623530646235653635343130613936643732383562366266623064313035
3139623664313836610a326239663137363466333666363935646433326466326532343937383233
35663562633631383466623934393231343438373838366461366135343466393064393461336135
65383861376239373832303036363233313266666264656230323631303966313466373135323635
34313463623164633538333835356639343537383131373235313738633832373537376434613238
39636666633332383462396434646330656533613463393434366362363830663133376139363336
39623435333333663335616664616634626432313036623139636633393335303633326464373362
39353736333839356339363335633362363132616634646638663765373462653565383464376263
32613031363730623134353330623864356261636432383362373739363263313233376637373461
65323365353731663635396639663233643332373137336561303439653661383661353136623431
36663965643737666664393663663737653533343637613030323637393531616564623035333633
35326235343035646661363964653030306162653038366337326262346234616132333531356161
31366436633665313966396334653639326336633932333464326333366130646332323134393636
35653164376365303530343361323735656233366464386632666330346334346265353232353065
66323535373536653937356438306639633230333836356165303439343434323731336137646539
32336630383536333464363137306265646137353235643930353738303461643966633766306138
61616637393964316433333264336166626130363337333135313064383132306335613138326265
34343432336239323330653238336364366166363335386633666531303934303631656437306434
32656161336531633262373161653261616237303937336138346161323034383637376333336136
38646561653833353333323263326632373039643835366136343330346638363861393763313334
31336435353363376166636132393162383665666538613433386266383635356164366265383861
32303831386364393432623137653361346261316237666130313334663331616335633039633237
33633266383564626533636431626366313430623239313236616663333630393433616365616536
31343434633431373635316666646336653833623032636662663035306361643763396331353030
33343861656534323233613665306537386363656536653462343430623435333737646134613664
33333031613030363062636564616539633933373035353231616164653361636363396337396365
62636134613635336138613361373531393639613736303265656432663734343532623338333938
30396131323861613130353664626164373631393737616136356137313261363963663939393161
37643162616465653961346531626636626437316431633563653235313236323163386266383862
35346239393936623135373934393538623536626634303233643764386537373163666630653166
63373931623436303636316138333735373530653732306665616130366365313533
